400
606
1 19
2 20
3 4
4 5
4 22
5 6
5 23
6 7
6 24
7 8
7 25
8 9
9 10
9 26
10 11
10 27
11 12
11 28
12 13
12 29
13 14
13 30
14 15
14 31
15 16
15 32
16 17
16 33
17 18
17 34
18 35
19 36
20 21
20 37
21 38
22 23
22 40
23 24
23 41
24 25
24 42
25 43
26 27
26 45
27 28
28 29
28 46
29 30
29 47
30 31
30 48
31 32
31 49
32 33
32 50
33 34
33 51
34 35
34 52
35 53
36 54
37 38
38 39
38 56
39 40
39 57
40 41
40 58
41 42
42 43
43 44
43 59
44 45
44 60
45 61
46 47
46 63
47 48
47 64
48 49
49 50
49 65
50 51
50 66
51 52
52 53
54 55
54 67
55 68
56 57
57 58
57 70
58 71
59 60
59 73
60 61
61 62
61 74
62 63
62 75
63 64
63 76
65 66
66 78
67 68
67 80
68 69
68 81
69 82
70 71
70 83
71 84
72 73
72 86
73 87
74 75
74 88
75 76
76 89
77 91
78 93
79 96
80 81
81 82
82 97
83 84
83 98
84 85
84 99
85 86
85 100
86 87
86 101
87 102
88 104
89 90
90 91
90 106
91 92
91 107
92 93
92 108
93 94
93 109
94 95
94 110
95 96
96 111
97 113
98 99
98 115
99 100
100 101
101 102
101 116
102 103
102 117
103 104
104 105
104 118
105 119
106 107
106 121
107 108
108 109
108 122
109 110
109 123
110 124
111 126
113 114
113 128
114 115
114 129
115 130
116 117
116 132
117 133
118 119
118 134
119 120
119 135
120 121
120 136
122 123
122 138
123 124
123 139
124 125
124 140
125 126
125 141
127 128
127 143
128 129
129 130
130 131
131 144
132 133
132 146
133 147
134 135
134 149
135 136
135 150
136 151
137 138
137 153
138 139
139 140
140 141
140 154
141 155
142 143
142 157
143 158
144 145
144 161
145 146
146 147
146 162
147 148
147 163
148 149
148 164
149 150
150 151
150 165
151 152
151 166
152 153
152 167
153 168
154 155
154 170
155 156
155 171
156 172
157 158
157 173
158 159
158 174
159 175
160 161
160 177
162 163
162 179
163 164
165 166
165 181
166 167
166 182
167 168
167 183
168 169
168 184
169 185
170 171
170 186
171 172
173 174
173 187
174 175
175 176
175 188
176 177
176 189
177 190
178 179
178 191
179 192
180 181
181 182
181 195
182 183
182 196
183 184
183 197
184 185
185 198
186 199
188 189
188 203
189 190
189 204
190 205
191 192
191 207
192 193
192 208
193 194
193 209
194 210
195 196
195 212
196 197
198 214
199 200
200 201
200 216
201 217
202 203
202 219
203 204
203 220
204 205
204 221
205 206
205 222
206 207
206 223
207 208
208 209
208 224
209 210
209 225
210 211
210 226
211 212
211 227
212 228
213 214
213 230
214 215
215 231
216 217
216 233
217 234
218 219
219 220
220 221
220 235
221 222
221 236
222 223
222 237
223 238
224 225
224 240
225 226
225 241
226 227
227 228
227 242
228 243
229 230
231 232
231 246
232 233
233 234
233 247
234 248
235 236
236 237
237 238
238 239
239 240
239 251
240 241
240 252
242 243
242 254
243 244
243 255
244 256
245 246
245 259
246 260
247 248
247 261
249 250
249 262
251 252
251 266
252 267
253 254
253 269
254 255
254 270
255 256
255 271
256 257
256 272
257 258
257 273
258 259
258 274
259 260
259 275
261 277
262 279
263 264
263 281
264 282
265 266
265 283
266 267
266 284
267 268
267 285
268 269
268 286
269 270
269 287
270 271
270 288
271 272
271 289
272 273
273 274
273 290
274 275
275 291
276 277
276 293
277 278
277 294
278 295
279 280
279 296
280 281
280 297
281 282
282 298
283 284
283 300
284 285
284 301
285 286
286 287
286 302
287 288
287 303
288 289
288 304
289 305
291 292
291 308
292 293
292 309
293 294
293 310
294 295
294 311
295 312
296 297
296 313
297 314
298 299
298 315
299 300
299 316
300 301
300 317
302 303
302 319
303 304
303 320
304 305
304 321
305 306
305 322
306 323
307 308
307 325
308 309
308 326
309 310
309 327
310 311
310 328
311 312
311 329
312 330
313 314
313 331
314 332
315 316
315 334
316 317
316 335
317 336
318 319
319 320
319 338
320 321
320 339
321 322
321 340
322 323
322 341
323 324
323 342
324 325
324 343
325 326
325 344
326 327
326 345
327 328
327 346
328 329
328 347
329 330
330 348
331 332
331 349
332 333
332 350
333 334
333 351
334 335
334 352
335 336
335 353
336 337
336 354
337 355
338 339
338 357
339 340
339 358
340 341
341 342
341 359
342 343
342 360
343 344
344 345
345 346
345 361
346 347
346 362
348 364
349 350
349 365
350 351
350 366
351 352
351 367
352 353
352 368
353 354
353 369
354 355
355 356
355 370
356 357
356 371
357 358
358 372
359 360
359 373
360 374
361 362
361 377
362 378
363 364
363 380
364 381
365 366
365 382
366 367
367 368
367 383
368 369
368 384
369 385
370 371
370 387
371 388
372 390
373 374
373 392
374 375
374 393
375 376
375 394
376 377
376 395
377 378
377 396
378 379
378 397
379 380
379 398
380 381
380 399
381 400
383 384
384 385
385 386
386 387
387 388
388 389
389 390
390 391
391 392
392 393
393 394
394 395
395 396
396 397
397 398
398 399
399 400
