820
1265
1 2
1 31
2 3
2 32
3 4
3 33
4 5
4 34
5 6
5 35
6 7
6 36
7 8
7 37
8 9
8 38
9 10
9 39
10 40
11 12
11 42
12 13
12 43
13 14
13 44
15 16
15 46
16 17
16 47
17 18
17 48
18 19
19 20
19 49
20 21
20 50
21 22
21 51
22 23
22 52
23 24
23 53
24 25
25 26
25 54
26 27
26 55
27 28
27 56
28 29
29 30
29 57
30 58
31 32
31 59
32 33
33 34
33 60
34 35
34 61
35 36
35 62
36 37
36 63
37 38
37 64
38 39
38 65
39 40
39 66
40 41
40 67
41 42
41 68
42 43
43 44
43 69
44 70
45 46
45 72
46 47
46 73
47 48
47 74
48 75
49 50
50 51
50 77
51 52
51 78
52 53
53 79
54 55
54 81
55 56
55 82
57 58
58 84
59 85
60 61
60 87
61 62
62 63
62 88
63 64
63 89
64 65
64 90
65 66
66 67
66 91
67 68
69 70
69 93
70 71
70 94
71 72
72 73
72 95
73 74
74 75
74 96
75 76
75 97
76 98
77 78
77 100
78 101
79 80
79 103
80 81
81 82
81 104
82 105
83 107
84 109
85 86
85 110
86 87
86 111
87 112
88 89
88 114
89 90
89 115
90 116
91 118
92 93
92 121
93 94
93 122
94 123
96 97
96 126
97 98
97 127
98 99
99 100
99 128
100 101
100 129
101 102
101 130
102 103
104 105
104 132
105 106
106 107
106 133
107 108
107 134
108 109
108 135
109 136
110 111
111 112
111 137
112 113
113 114
113 138
114 115
115 116
115 139
116 117
117 118
117 140
118 119
118 141
119 120
119 142
120 121
120 143
121 122
121 144
122 123
122 145
123 124
124 146
125 126
125 147
126 127
126 148
128 129
129 130
129 150
131 132
131 152
132 153
133 134
134 135
134 155
135 136
135 156
136 157
137 158
138 160
140 141
140 163
141 142
142 143
142 164
143 144
144 145
145 165
146 167
147 148
147 168
148 169
149 171
150 173
151 152
152 153
152 175
153 154
153 176
155 156
156 157
156 178
158 159
158 180
159 160
160 161
160 181
161 182
162 163
162 184
163 185
165 166
166 167
166 188
167 189
168 169
168 191
169 170
169 192
170 171
170 193
171 172
171 194
172 173
172 195
173 174
173 196
174 197
175 176
175 200
176 201
177 203
179 180
179 205
181 182
181 207
182 183
182 208
183 184
183 209
184 185
184 210
185 211
186 187
187 213
188 189
188 214
189 190
189 215
190 191
191 192
191 216
192 193
192 217
193 194
193 218
194 195
194 219
195 196
196 197
196 220
197 198
198 199
198 221
199 200
200 201
200 222
201 202
202 203
203 204
203 223
204 224
205 226
206 207
207 208
207 228
208 209
208 229
209 210
209 230
210 211
212 231
213 232
214 215
215 234
216 217
216 236
217 218
217 237
218 219
218 238
219 239
220 241
221 243
222 245
223 224
224 248
225 249
226 227
227 250
228 229
229 230
229 252
230 253
231 257
232 233
232 258
234 235
235 236
235 260
236 237
236 261
237 238
237 262
238 239
238 263
239 240
239 264
240 241
240 265
241 242
241 266
242 243
243 244
243 267
244 245
244 268
245 246
245 269
246 247
246 270
247 271
248 272
250 251
250 275
252 253
252 277
253 254
253 278
254 255
254 279
255 256
255 280
256 257
256 281
257 282
258 284
259 286
260 261
261 262
261 288
262 263
262 289
263 264
263 290
264 265
264 291
265 266
265 292
266 293
267 268
267 295
268 269
268 296
269 270
269 297
270 271
270 298
271 299
272 273
272 301
273 302
274 275
275 304
276 277
277 278
277 306
278 279
278 307
279 280
280 281
281 282
281 308
282 283
283 284
283 309
284 285
284 310
285 286
286 287
287 311
288 289
288 313
289 290
289 314
290 291
290 315
291 292
291 316
292 293
292 317
293 294
293 318
294 295
294 319
295 296
295 320
296 297
296 321
297 298
297 322
298 299
298 323
299 300
299 324
300 301
301 302
301 325
302 303
302 326
303 327
304 305
305 329
306 307
306 330
307 331
308 334
309 310
309 336
311 312
311 338
312 313
313 314
313 339
314 315
314 340
315 316
315 341
316 317
316 342
317 318
317 343
318 319
318 344
319 320
320 321
320 345
321 322
321 346
322 323
322 347
323 324
323 348
324 349
325 326
326 327
326 351
327 352
329 354
330 331
330 356
331 332
331 357
332 333
333 334
333 358
334 335
334 359
335 336
335 360
337 338
337 363
338 364
339 340
339 366
340 341
340 367
341 342
341 368
342 343
342 369
343 344
343 370
344 371
345 346
345 373
346 347
346 374
347 348
347 375
348 349
348 376
349 350
349 377
350 378
351 352
351 380
352 381
353 354
353 382
354 355
354 383
355 356
355 384
356 357
356 385
357 386
358 359
358 387
359 360
359 388
361 362
361 390
362 363
362 391
363 364
363 392
364 365
364 393
365 366
366 367
366 394
367 368
367 395
368 369
368 396
369 370
369 397
370 371
370 398
371 372
371 399
372 373
373 374
373 400
374 375
374 401
375 376
375 402
376 377
376 403
377 378
378 379
379 380
379 404
380 381
380 405
381 406
382 383
382 407
383 384
383 408
384 385
384 409
385 386
385 410
386 411
387 388
387 413
388 414
389 390
390 391
390 416
391 392
391 417
392 393
394 395
394 419
395 396
396 397
396 420
397 398
397 421
398 399
399 422
400 401
401 402
401 424
402 403
402 425
403 426
404 405
404 429
405 406
405 430
406 431
407 408
407 433
408 409
408 434
409 410
409 435
410 411
410 436
411 412
412 413
412 437
413 414
413 438
414 415
414 439
415 440
416 417
416 442
417 443
418 419
418 446
419 447
420 421
420 448
422 423
422 450
423 451
424 425
424 452
425 426
425 453
426 427
426 454
427 428
427 455
428 429
428 456
429 430
429 457
430 431
432 433
433 434
433 458
434 435
434 459
435 436
435 460
436 461
437 438
437 463
438 439
439 440
440 441
440 464
441 442
441 465
442 443
443 444
443 466
444 445
444 467
445 446
446 447
446 468
447 469
448 470
449 450
449 472
450 451
450 473
451 474
452 453
452 476
453 454
453 477
454 455
454 478
455 456
456 457
456 479
457 480
458 459
458 484
459 460
460 461
460 485
461 462
461 486
462 463
462 487
463 488
464 465
465 491
466 467
466 493
467 494
468 469
469 496
470 471
470 497
471 472
472 473
473 474
473 498
474 475
474 499
475 476
475 500
476 477
477 478
479 480
480 481
480 502
481 482
481 503
482 504
483 484
483 505
484 506
485 486
485 508
486 487
486 509
487 488
487 510
488 489
488 511
489 490
489 512
490 513
491 492
491 515
492 493
492 516
493 494
493 517
494 495
494 518
497 520
498 499
498 522
499 500
499 523
500 524
501 527
502 503
502 529
503 504
503 530
504 531
505 506
505 532
506 507
506 533
507 508
508 509
508 534
509 510
510 511
510 535
511 512
511 536
512 513
512 537
513 514
513 538
514 515
514 539
515 516
515 540
516 517
516 541
517 518
517 542
518 543
520 547
521 522
521 549
522 523
523 524
524 525
524 550
525 551
526 527
526 553
527 528
527 554
528 529
528 555
529 530
529 556
530 531
530 557
531 558
532 533
532 559
533 560
534 562
535 536
535 564
536 537
536 565
537 538
538 539
538 566
539 540
539 567
540 541
541 542
541 568
542 543
542 569
543 544
543 570
545 546
545 571
546 547
546 572
547 548
547 573
548 549
548 574
549 575
550 551
550 578
551 552
551 579
552 553
552 580
553 554
553 581
554 555
554 582
555 556
555 583
556 557
556 584
557 558
557 585
559 560
559 586
560 561
560 587
561 562
562 563
563 564
563 588
564 565
564 589
565 590
566 567
566 592
567 593
568 569
568 595
569 570
569 596
570 597
571 572
571 599
572 573
573 574
573 600
574 575
574 601
575 576
575 602
576 577
576 603
577 578
577 604
578 579
578 605
579 580
579 606
580 581
581 582
581 607
582 583
582 608
583 584
584 585
585 609
586 587
586 611
587 612
588 589
588 615
589 590
589 616
590 591
590 617
591 592
592 593
592 618
593 594
593 619
594 595
594 620
595 596
595 621
596 597
596 622
597 623
598 599
598 625
599 626
600 601
600 628
601 602
601 629
602 603
602 630
603 604
603 631
604 605
604 632
605 606
605 633
606 634
607 608
607 635
608 636
609 610
609 639
610 640
611 612
611 641
612 613
612 642
613 614
613 643
614 615
614 644
615 616
615 645
616 617
616 646
617 647
618 619
618 648
619 620
619 649
620 621
620 650
621 622
621 651
622 623
622 652
623 624
624 625
624 653
625 626
625 654
626 627
627 628
627 655
628 629
628 656
629 630
629 657
630 631
630 658
631 632
631 659
632 633
632 660
633 634
633 661
635 636
635 663
636 637
636 664
637 638
637 665
638 639
638 666
639 640
640 667
641 642
642 643
642 668
643 644
644 645
645 646
645 669
646 647
646 670
647 671
648 649
648 673
649 650
650 651
651 652
651 674
653 654
653 676
654 677
655 656
655 679
656 657
657 658
657 680
658 659
658 681
659 660
659 682
660 661
661 683
662 663
663 664
663 685
664 665
664 686
665 666
665 687
666 688
668 691
669 670
669 694
670 671
670 695
671 672
671 696
672 673
672 697
673 698
674 700
675 676
675 702
676 677
676 703
677 678
677 704
678 679
678 705
679 706
680 681
680 708
681 682
681 709
682 710
683 684
683 712
684 713
685 686
685 715
686 687
687 688
687 716
688 689
688 717
689 718
690 691
690 720
691 692
691 721
692 693
693 694
693 722
694 695
695 696
695 723
696 697
696 724
697 698
697 725
698 699
698 726
699 727
700 701
700 728
701 702
702 703
702 729
703 704
704 705
704 730
705 706
706 707
707 708
707 731
708 709
708 732
709 710
709 733
710 711
710 734
711 712
711 735
712 713
713 714
713 736
714 715
714 737
716 717
716 739
717 718
717 740
718 719
719 741
720 721
720 742
721 743
722 745
723 724
723 746
724 725
724 747
725 726
725 748
726 727
726 749
727 750
728 752
729 754
730 756
731 732
732 733
733 734
734 735
734 759
735 760
736 737
736 762
737 763
738 739
738 765
739 740
739 766
740 767
741 769
742 743
742 770
743 744
743 771
744 745
744 772
745 773
746 747
747 748
747 774
748 749
748 775
749 750
749 776
750 751
750 777
751 752
751 778
752 753
752 779
753 754
753 780
754 755
755 756
755 781
756 757
756 782
757 758
757 783
758 784
759 760
759 788
760 761
760 789
761 762
761 790
762 763
762 791
763 764
764 765
765 766
766 767
766 792
767 768
767 793
768 769
768 794
769 795
770 771
771 772
772 773
772 796
773 797
774 775
774 800
775 776
775 801
776 777
776 802
777 778
777 803
778 779
779 780
779 804
780 805
781 782
781 807
782 783
782 808
783 784
784 785
784 809
785 786
785 810
786 787
786 811
787 788
787 812
788 789
788 813
789 790
789 814
790 791
790 815
791 816
792 793
792 818
793 794
794 795
794 819
795 820
796 797
797 798
798 799
799 800
800 801
801 802
802 803
804 805
805 806
806 807
807 808
809 810
810 811
811 812
812 813
813 814
814 815
815 816
816 817
819 820
