852
1572
1 2
1 5
2 6
3 4
3 10
4 5
4 11
5 6
5 12
6 13
7 8
7 18
8 9
8 19
9 10
9 20
10 11
10 21
11 12
11 22
12 13
12 23
13 14
13 24
14 15
14 25
15 16
15 26
16 17
16 27
17 28
18 19
18 30
19 20
19 31
20 21
20 32
21 22
21 33
22 23
22 34
23 24
23 35
24 25
24 36
25 26
25 37
26 27
26 38
27 28
27 39
28 40
29 30
29 42
30 31
30 43
31 32
31 44
32 33
32 45
33 34
33 46
34 35
34 47
35 36
35 48
36 37
36 49
37 38
37 50
38 39
38 51
39 40
39 52
40 53
41 42
41 58
42 43
42 59
43 44
43 60
44 45
45 46
46 47
46 61
47 48
47 62
48 49
48 63
49 50
49 64
50 51
50 65
51 52
51 66
52 53
52 67
53 54
53 68
54 55
54 69
55 70
56 57
56 71
57 58
57 72
58 59
58 73
59 60
59 74
61 62
61 75
62 63
62 76
63 64
63 77
64 65
64 78
65 66
65 79
66 67
66 80
67 68
67 81
68 69
68 82
69 70
69 83
71 72
71 84
72 73
72 85
73 74
73 86
74 87
75 76
75 88
76 77
76 89
77 78
77 90
78 79
78 91
79 80
79 92
80 81
80 93
81 82
81 94
82 83
82 95
84 85
84 96
85 86
85 97
86 87
86 98
87 99
88 89
88 101
89 90
89 102
90 91
90 103
91 92
91 104
92 93
92 105
93 94
93 106
94 95
94 107
95 108
96 97
96 109
97 98
97 110
98 99
98 111
99 112
100 101
101 102
101 113
102 103
102 114
103 104
103 115
104 105
104 116
105 106
105 117
106 107
106 118
107 108
107 119
108 120
109 110
109 121
110 111
110 122
111 112
111 123
112 124
113 114
113 125
114 115
114 126
115 116
115 127
116 117
116 128
117 118
117 129
118 119
118 130
119 120
119 131
120 132
121 122
122 123
122 134
123 124
123 135
124 136
125 126
125 140
126 127
126 141
127 128
127 142
128 129
128 143
129 130
129 144
130 131
130 145
131 132
131 146
132 133
132 147
133 148
134 135
135 136
135 150
136 137
136 151
137 138
137 152
138 139
138 153
139 140
139 154
140 141
140 155
141 142
141 156
142 143
142 157
143 144
143 158
144 145
144 159
145 146
145 160
146 147
146 161
147 148
147 162
148 149
148 163
149 164
150 151
151 152
151 165
152 153
152 166
153 154
153 167
154 155
154 168
155 156
155 169
156 157
156 170
157 158
157 171
158 159
158 172
159 160
159 173
160 161
160 174
161 162
161 175
162 163
162 176
163 164
163 177
164 178
165 166
166 167
166 179
167 168
167 180
168 169
168 181
169 170
169 182
170 171
170 183
171 172
171 184
172 173
172 185
173 174
173 186
174 175
174 187
175 176
175 188
176 177
176 189
177 178
177 190
178 191
179 180
180 181
180 192
181 182
181 193
182 183
182 194
183 184
183 195
184 185
184 196
185 186
185 197
186 187
186 198
187 188
187 199
188 189
188 200
189 190
189 201
190 191
190 202
191 203
192 193
192 205
193 194
193 206
194 195
194 207
195 196
195 208
196 197
196 209
197 198
197 210
198 199
198 211
199 200
199 212
200 201
200 213
201 202
201 214
202 203
202 215
203 216
204 205
205 206
205 217
206 207
206 218
207 208
207 219
208 209
208 220
209 210
209 221
210 211
210 222
211 212
211 223
212 213
212 224
213 214
213 225
214 215
214 226
215 216
215 227
216 228
217 218
217 229
218 219
218 230
219 220
219 231
220 221
220 232
221 222
221 233
222 223
222 234
223 224
223 235
224 225
224 236
225 226
225 237
226 227
226 238
227 228
227 239
228 240
229 230
229 241
230 231
230 242
231 232
231 243
232 233
232 244
233 234
233 245
234 235
234 246
235 236
235 247
236 237
236 248
237 238
237 249
238 239
238 250
239 240
239 251
240 252
241 242
241 253
242 243
242 254
243 244
243 255
244 245
244 256
245 246
245 257
246 247
246 258
247 248
247 259
248 249
248 260
249 250
249 261
250 251
250 262
251 252
251 263
252 264
253 254
253 265
254 255
254 266
255 256
255 267
256 257
256 268
257 258
257 269
258 259
258 270
259 260
259 271
260 261
260 272
261 262
261 273
262 263
262 274
263 264
263 275
264 276
265 266
265 286
266 267
266 287
267 268
267 288
268 269
268 289
269 270
269 290
270 271
270 291
271 272
271 292
272 273
272 293
273 274
273 294
274 275
274 295
275 276
275 296
276 297
277 278
277 298
278 279
278 299
279 280
279 300
280 281
280 301
281 282
281 302
282 283
282 303
283 284
283 304
284 305
285 286
285 310
286 287
286 311
287 288
287 312
288 289
288 313
289 290
290 291
291 292
292 293
292 314
293 294
293 315
294 295
294 316
295 296
295 317
296 297
296 318
297 319
298 299
298 320
299 300
299 321
300 301
300 322
301 302
301 323
302 303
302 324
303 304
303 325
304 305
304 326
305 306
305 327
306 307
306 328
307 329
308 309
308 333
309 310
309 334
310 311
310 335
311 312
311 336
312 313
312 337
313 338
314 315
314 339
315 316
315 340
316 317
316 341
317 318
317 342
318 319
318 343
319 344
320 321
321 322
322 323
323 324
323 345
324 325
324 346
325 326
325 347
326 327
326 348
327 328
327 349
328 329
328 350
329 330
329 351
330 331
330 352
331 332
331 353
332 333
332 354
333 334
333 355
334 335
334 356
335 336
335 357
336 337
336 358
337 338
337 359
338 360
339 340
339 361
340 341
340 362
341 342
341 363
342 343
342 364
343 344
343 365
344 366
345 346
345 367
346 347
346 368
347 348
347 369
348 349
348 370
349 350
349 371
350 351
350 372
351 352
351 373
352 353
352 374
353 354
353 375
354 355
354 376
355 356
355 377
356 357
356 378
357 358
357 379
358 359
358 380
359 360
359 381
360 382
361 362
361 383
362 363
362 384
363 364
363 385
364 365
364 386
365 366
365 387
366 388
367 368
368 369
368 389
369 370
369 390
370 371
370 391
371 372
371 392
372 373
372 393
373 374
373 394
374 375
374 395
375 376
375 396
376 377
376 397
377 378
377 398
378 379
378 399
379 380
379 400
380 381
380 401
381 382
381 402
382 403
383 384
384 385
384 404
385 386
385 405
386 387
386 406
387 388
387 407
388 408
389 390
389 409
390 391
390 410
391 392
391 411
392 393
392 412
393 394
393 413
394 395
394 414
395 396
395 415
396 397
396 416
397 398
397 417
398 399
398 418
399 400
399 419
400 401
400 420
401 402
401 421
402 403
402 422
403 423
404 405
405 406
406 407
407 408
409 410
409 424
410 411
410 425
411 412
411 426
412 413
412 427
413 414
413 428
414 415
414 429
415 416
415 430
416 417
416 431
417 418
417 432
418 419
418 433
419 420
419 434
420 421
420 435
421 422
421 436
422 423
422 437
423 438
424 425
424 440
425 426
425 441
426 427
426 442
427 428
427 443
428 429
428 444
429 430
429 445
430 431
430 446
431 432
431 447
432 433
432 448
433 434
433 449
434 435
434 450
435 436
435 451
436 437
436 452
437 438
437 453
438 439
438 454
439 455
440 441
440 456
441 442
441 457
442 443
442 458
443 444
443 459
444 445
444 460
445 446
445 461
446 447
446 462
447 448
447 463
448 449
448 464
449 450
449 465
450 451
450 466
451 452
451 467
452 453
452 468
453 454
453 469
454 455
454 470
455 471
456 457
456 477
457 458
457 478
458 459
458 479
459 460
459 480
460 461
460 481
461 462
461 482
462 463
462 483
463 464
463 484
464 465
464 485
465 466
465 486
466 467
466 487
467 468
467 488
468 469
468 489
469 470
469 490
470 471
470 491
471 472
471 492
472 493
473 474
473 496
474 475
474 497
475 476
475 498
476 499
477 478
477 500
478 479
478 501
479 480
479 502
480 481
480 503
481 482
481 504
482 483
482 505
483 484
484 485
485 486
486 487
487 488
488 489
488 506
489 490
489 507
490 491
490 508
491 492
491 509
492 493
492 510
493 494
493 511
494 495
494 512
495 496
495 513
496 497
496 514
497 498
497 515
498 499
498 516
499 517
500 501
500 518
501 502
501 519
502 503
502 520
503 504
503 521
504 505
504 522
505 523
506 507
506 524
507 508
507 525
508 509
508 526
509 510
509 527
510 511
510 528
511 512
511 529
512 513
512 530
513 514
513 531
514 515
514 532
515 516
515 533
516 517
516 534
517 535
518 519
518 536
519 520
519 537
520 521
520 538
521 522
521 539
522 523
522 540
523 541
524 525
524 543
525 526
525 544
526 527
526 545
527 528
527 546
528 529
528 547
529 530
529 548
530 531
530 549
531 532
531 550
532 533
532 551
533 534
533 552
534 535
534 553
535 554
536 537
536 555
537 538
537 556
538 539
538 557
539 540
539 558
540 541
540 559
541 542
541 560
543 544
543 561
544 545
544 562
545 546
545 563
546 547
546 564
547 548
547 565
548 549
548 566
549 550
549 567
550 551
550 568
551 552
551 569
552 553
552 570
553 554
553 571
554 572
555 556
555 573
556 557
556 574
557 558
557 575
558 559
558 576
559 560
559 577
560 578
561 562
561 579
562 563
562 580
563 564
563 581
564 565
564 582
565 566
565 583
566 567
566 584
567 568
567 585
568 569
568 586
569 570
569 587
570 571
570 588
571 572
571 589
572 590
573 574
573 591
574 575
574 592
575 576
575 593
576 577
576 594
577 578
577 595
578 596
579 580
579 599
580 581
580 600
581 582
581 601
582 583
582 602
583 584
583 603
584 585
584 604
585 586
585 605
586 587
586 606
587 588
587 607
588 589
588 608
589 590
589 609
590 610
591 592
591 611
592 593
592 612
593 594
593 613
594 595
594 614
595 596
595 615
596 597
596 616
597 617
598 599
598 621
599 600
599 622
600 601
600 623
601 602
601 624
602 603
602 625
603 604
603 626
604 605
604 627
605 606
605 628
606 607
606 629
607 608
607 630
608 609
608 631
609 610
609 632
610 633
611 612
611 636
612 613
612 637
613 614
613 638
614 615
614 639
615 616
615 640
616 617
616 641
617 618
617 642
618 619
618 643
619 620
619 644
620 621
620 645
621 622
621 646
622 623
622 647
623 624
623 648
624 625
624 649
625 626
625 650
626 627
626 651
627 628
627 652
628 629
628 653
629 630
629 654
630 631
630 655
631 632
631 656
632 633
632 657
633 658
634 635
634 659
635 636
635 660
636 637
636 661
637 638
637 662
638 639
638 663
639 640
639 664
640 641
640 665
641 642
641 666
642 643
642 667
643 644
643 668
644 645
644 669
645 646
645 670
646 647
646 671
647 648
647 672
648 649
648 673
649 650
649 674
650 651
650 675
651 652
651 676
652 653
652 677
653 654
653 678
654 655
654 679
655 656
655 680
656 657
656 681
657 658
657 682
658 683
659 660
659 684
660 661
660 685
661 662
661 686
662 663
662 687
663 664
663 688
664 665
664 689
665 666
665 690
666 667
666 691
667 668
667 692
668 669
668 693
669 670
669 694
670 671
670 695
671 672
671 696
672 673
672 697
673 674
673 698
674 675
674 699
675 676
675 700
676 677
676 701
677 678
677 702
678 679
678 703
679 680
679 704
680 681
680 705
681 682
681 706
682 683
682 707
684 685
684 708
685 686
685 709
686 687
686 710
687 688
687 711
688 689
688 712
689 690
689 713
690 691
690 714
691 692
691 715
692 693
692 716
693 694
693 717
694 695
694 718
695 696
695 719
696 697
696 720
697 698
697 721
698 699
698 722
699 700
699 723
700 701
700 724
701 702
701 725
702 703
702 726
703 704
703 727
704 705
704 728
705 706
705 729
706 707
706 730
707 731
708 709
708 732
709 710
709 733
710 711
710 734
711 712
711 735
712 713
712 736
713 714
713 737
714 715
714 738
715 716
715 739
716 717
716 740
717 718
717 741
718 719
718 742
719 720
719 743
720 721
720 744
721 722
721 745
722 723
722 746
723 724
723 747
724 725
724 748
725 726
725 749
726 727
726 750
727 728
727 751
728 729
728 752
729 730
729 753
730 731
730 754
731 755
732 733
733 734
733 756
734 735
734 757
735 736
735 758
736 737
736 759
737 738
737 760
738 739
738 761
739 740
739 762
740 741
740 763
741 742
741 764
742 743
742 765
743 744
743 766
744 745
744 767
745 746
745 768
746 747
746 769
747 748
747 770
748 749
748 771
749 750
749 772
750 751
750 773
751 752
751 774
752 753
752 775
753 754
753 776
754 755
754 777
755 778
756 757
757 758
757 779
758 759
758 780
759 760
759 781
760 761
760 782
761 762
761 783
762 763
762 784
763 764
763 785
764 765
764 786
765 766
765 787
766 767
766 788
767 768
767 789
768 769
768 790
769 770
769 791
770 771
770 792
771 772
771 793
772 773
772 794
773 774
773 795
774 775
774 796
775 776
775 797
776 777
776 798
777 778
777 799
778 800
779 780
780 781
780 801
781 782
781 802
782 783
782 803
783 784
783 804
784 785
784 805
785 786
785 806
786 787
786 807
787 788
787 808
788 789
788 809
789 790
789 810
790 791
790 811
791 792
791 812
792 793
792 813
793 794
793 814
794 795
794 815
795 796
796 797
797 798
797 816
798 799
798 817
799 800
799 818
801 802
802 803
803 804
804 805
805 806
806 807
807 808
807 819
808 809
808 820
809 810
809 821
810 811
810 822
811 812
811 823
812 813
812 824
813 814
813 825
814 815
814 826
815 827
816 817
816 828
817 818
817 829
818 830
819 820
819 831
820 821
820 832
821 822
821 833
822 823
822 834
823 824
823 835
824 825
824 836
825 826
825 837
826 827
826 838
828 829
829 830
831 832
831 839
832 833
832 840
833 834
833 841
834 835
834 842
835 836
835 843
836 837
836 844
837 838
837 845
838 846
839 840
840 841
841 842
841 847
842 843
842 848
843 844
843 849
844 845
845 846
847 848
847 850
848 849
848 851
849 852
850 851
851 852
