973
1757
1 2
2 3
3 4
4 5
5 6
6 7
7 8
8 9
8 11
9 10
9 12
10 13
11 12
12 13
12 15
13 14
13 16
14 17
15 16
15 22
16 17
16 23
17 18
17 24
18 25
19 28
20 21
20 31
21 32
22 23
22 33
23 24
23 34
24 25
24 35
25 26
25 36
26 37
27 28
27 40
28 29
28 41
30 31
30 43
31 32
31 44
32 45
33 34
33 49
34 35
34 50
35 36
35 51
36 37
36 52
37 38
37 53
38 54
39 40
39 56
40 41
40 57
42 43
42 59
43 44
43 60
44 45
44 61
45 46
45 62
46 47
46 63
48 49
48 65
49 50
49 66
50 51
50 67
51 52
51 68
52 53
52 69
53 54
53 70
54 55
54 71
55 56
55 72
56 57
56 73
57 74
58 59
59 60
59 75
60 61
60 76
61 62
61 77
62 63
62 78
63 79
64 65
64 81
65 66
65 82
66 67
66 83
67 68
67 84
68 69
68 85
69 70
69 86
70 71
70 87
71 72
71 88
72 73
72 89
73 74
73 90
74 91
75 76
76 77
76 93
77 78
77 94
78 79
78 95
79 96
80 81
80 99
81 82
81 100
82 83
82 101
83 84
83 102
84 85
84 103
85 86
85 104
86 87
86 105
87 88
87 106
88 89
88 107
89 90
89 108
90 91
90 109
91 92
91 110
92 111
93 94
94 95
94 113
95 96
95 114
96 97
96 115
97 116
98 99
98 120
99 100
99 121
100 101
100 122
101 102
101 123
102 103
102 124
103 104
103 125
104 105
104 126
105 106
105 127
106 107
106 128
107 108
107 129
108 109
108 130
109 110
109 131
110 111
110 132
111 112
111 133
112 134
113 114
114 115
114 135
115 116
115 136
116 117
116 137
117 118
117 138
118 119
118 139
119 120
119 140
120 121
120 141
121 122
121 142
122 123
122 143
123 124
123 144
124 125
124 145
125 126
125 146
126 127
126 147
127 128
127 148
128 129
128 149
129 130
129 150
130 131
130 151
131 132
132 133
133 134
135 136
136 137
136 152
137 138
137 153
138 139
138 154
139 140
139 155
140 141
140 156
141 142
141 157
142 143
142 158
143 144
143 159
144 145
144 160
145 146
145 161
146 147
146 162
147 148
147 163
148 149
148 164
149 150
149 165
150 151
150 166
151 167
152 153
152 168
153 154
153 169
154 155
154 170
155 156
155 171
156 157
156 172
157 158
157 173
158 159
158 174
159 160
159 175
160 161
160 176
161 162
161 177
162 163
162 178
163 164
163 179
164 165
164 180
165 166
165 181
166 167
166 182
167 183
168 169
168 193
169 170
169 194
170 171
170 195
171 172
171 196
172 173
172 197
173 174
173 198
174 175
174 199
175 176
175 200
176 177
176 201
177 178
177 202
178 179
178 203
179 180
179 204
180 181
180 205
181 182
181 206
182 183
182 207
183 208
184 185
184 209
185 186
185 210
186 187
186 211
187 188
187 212
188 213
189 190
189 220
190 221
191 192
191 222
192 193
192 223
193 194
193 224
194 195
194 225
195 196
195 226
196 197
196 227
197 198
197 228
198 199
198 229
199 200
199 230
200 201
200 231
201 202
201 232
202 203
202 233
203 204
203 234
204 205
204 235
205 206
205 236
206 207
206 237
207 208
207 238
208 239
209 210
209 241
210 211
210 242
211 212
211 243
212 213
212 244
213 214
214 215
215 216
216 245
217 218
217 248
218 219
218 249
219 220
219 250
220 221
220 251
221 252
222 223
222 255
223 224
223 256
224 225
224 257
225 226
225 258
226 227
226 259
227 228
227 260
228 229
228 261
229 230
229 262
230 231
230 263
231 232
231 264
232 233
232 265
233 234
233 266
234 235
234 267
235 236
235 268
236 237
236 269
237 238
237 270
238 239
238 271
239 240
239 272
240 241
240 273
241 242
241 274
242 243
242 275
243 244
243 276
244 277
245 246
246 278
247 248
247 281
248 249
248 282
249 250
249 283
250 251
250 284
251 252
251 285
252 286
253 254
253 287
254 255
254 288
255 256
255 289
256 257
256 290
257 258
257 291
258 259
258 292
259 260
259 293
260 261
260 294
261 262
261 295
262 263
262 296
263 264
263 297
264 265
264 298
265 266
265 299
266 267
266 300
267 268
267 301
268 269
268 302
269 270
269 303
270 271
270 304
271 272
271 305
272 273
273 274
274 275
274 306
275 276
275 307
276 277
276 308
277 309
278 279
278 310
279 311
280 281
280 312
281 282
281 313
282 283
282 314
283 284
283 315
284 285
284 316
285 286
285 317
286 318
287 288
287 323
288 289
288 324
289 290
289 325
290 291
290 326
291 292
291 327
292 293
292 328
293 294
293 329
294 295
294 330
295 296
295 331
296 297
296 332
297 298
297 333
298 299
298 334
299 300
299 335
300 301
300 336
301 302
301 337
302 303
302 338
303 304
303 339
304 305
304 340
305 341
306 307
306 342
307 308
307 343
308 309
308 344
310 311
310 345
312 313
313 314
313 346
314 315
314 347
315 316
315 348
316 317
316 349
317 318
317 350
318 319
318 351
319 320
319 352
320 321
320 353
321 322
321 354
322 323
322 355
323 324
323 356
324 325
324 357
325 326
325 358
326 327
326 359
327 328
327 360
328 329
328 361
329 330
329 362
330 331
330 363
331 332
331 364
332 333
332 365
333 334
333 366
334 335
334 367
335 336
335 368
336 337
336 369
337 338
337 370
338 339
338 371
339 340
339 372
340 341
340 373
341 374
342 343
342 375
343 344
343 376
344 377
346 347
347 348
348 349
348 378
349 350
349 379
350 351
350 380
351 352
351 381
352 353
352 382
353 354
353 383
354 355
354 384
355 356
355 385
356 357
356 386
357 358
357 387
358 359
358 388
359 360
359 389
360 361
360 390
361 362
361 391
362 363
362 392
363 364
363 393
364 365
364 394
365 366
365 395
366 367
366 396
367 368
367 397
368 369
368 398
369 370
369 399
370 371
370 400
371 372
371 401
372 373
372 402
373 374
373 403
374 404
375 376
375 405
376 377
376 406
377 407
378 379
379 380
379 409
380 381
380 410
381 382
381 411
382 383
382 412
383 384
383 413
384 385
384 414
385 386
385 415
386 387
386 416
387 388
387 417
388 389
388 418
389 390
389 419
390 391
390 420
391 392
391 421
392 393
392 422
393 394
393 423
394 395
394 424
395 396
395 425
396 397
396 426
397 398
397 427
398 399
398 428
399 400
399 429
400 401
400 430
401 402
401 431
402 403
402 432
403 404
403 433
404 434
405 406
405 435
406 407
406 436
407 408
407 437
408 438
409 410
410 411
410 442
411 412
411 443
412 413
412 444
413 414
413 445
414 415
414 446
415 416
415 447
416 417
416 448
417 418
417 449
418 419
418 450
419 420
419 451
420 421
420 452
421 422
421 453
422 423
422 454
423 424
423 455
424 425
424 456
425 426
425 457
426 427
426 458
427 428
427 459
428 429
428 460
429 430
429 461
430 431
430 462
431 432
431 463
432 433
432 464
433 434
433 465
435 436
435 467
436 437
436 468
437 438
437 469
438 439
438 470
439 440
439 471
440 472
441 474
442 443
442 476
443 444
443 477
444 445
444 478
445 446
445 479
446 447
446 480
447 448
447 481
448 449
448 482
449 450
449 483
450 451
450 484
451 452
451 485
452 453
452 486
453 454
453 487
454 455
454 488
455 456
455 489
456 457
456 490
457 458
457 491
458 459
458 492
459 460
459 493
460 461
460 494
461 462
461 495
462 463
462 496
463 464
463 497
464 465
464 498
465 499
466 467
467 468
467 500
468 469
468 501
469 470
469 502
470 471
470 503
471 472
471 504
473 474
473 506
474 475
474 507
475 508
476 477
476 512
477 478
477 513
478 479
478 514
479 480
479 515
480 481
480 516
481 482
481 517
482 483
482 518
483 484
483 519
484 485
484 520
485 486
485 521
486 487
486 522
487 488
487 523
488 489
488 524
489 490
489 525
490 491
490 526
491 492
491 527
492 493
492 528
493 494
493 529
494 495
494 530
495 496
495 531
496 497
496 532
497 498
497 533
498 499
498 534
499 535
500 501
500 537
501 502
501 538
502 503
502 539
503 504
503 540
505 506
505 541
506 507
506 542
507 508
507 543
508 509
508 544
509 545
510 511
510 547
511 512
511 548
512 513
512 549
513 514
513 550
514 515
514 551
515 516
515 552
516 517
516 553
517 518
517 554
518 519
518 555
519 520
519 556
520 521
520 557
521 522
521 558
522 523
522 559
523 524
523 560
524 525
524 561
525 526
525 562
526 527
526 563
527 528
527 564
528 529
528 565
529 530
530 531
531 532
531 566
532 533
532 567
533 534
533 568
534 535
534 569
535 536
535 570
536 571
537 538
537 573
538 539
538 574
539 540
539 575
541 542
541 576
542 543
542 577
543 544
543 578
544 545
544 579
545 580
546 547
546 584
547 548
547 585
548 549
548 586
549 550
549 587
550 551
550 588
551 552
551 589
552 553
552 590
553 554
553 591
554 555
554 592
555 556
555 593
556 557
556 594
557 558
557 595
558 559
558 596
559 560
559 597
560 561
560 598
561 562
561 599
562 563
562 600
563 564
563 601
564 565
564 602
565 603
566 567
566 604
567 568
567 605
568 569
568 606
569 570
569 607
570 571
570 608
571 572
571 609
572 610
573 574
573 612
574 575
574 613
576 577
576 614
577 578
577 615
578 579
578 616
579 580
579 617
580 581
580 618
581 619
582 583
582 622
583 584
583 623
584 585
584 624
585 586
585 625
586 587
586 626
587 588
587 627
588 589
588 628
589 590
589 629
590 591
590 630
591 592
591 631
592 593
592 632
593 594
593 633
594 595
594 634
595 596
595 635
596 597
596 636
597 598
597 637
598 599
598 638
599 600
599 639
600 601
600 640
601 602
601 641
602 603
602 642
604 605
605 606
605 643
606 607
606 644
607 608
607 645
608 609
608 646
609 610
609 647
610 611
610 648
611 612
611 649
612 613
612 650
614 615
615 616
615 651
616 617
616 652
617 618
617 653
618 619
618 654
619 620
619 655
620 621
620 656
621 622
621 657
622 623
622 658
623 624
623 659
624 625
624 660
625 626
625 661
626 627
626 662
627 628
627 663
628 629
628 664
629 630
629 665
630 631
630 666
631 632
631 667
632 633
632 668
633 634
633 669
634 635
634 670
635 636
635 671
636 637
636 672
637 638
637 673
638 639
638 674
639 640
639 675
640 641
640 676
641 642
643 644
644 645
645 646
645 677
646 647
646 678
647 648
647 679
648 649
648 680
649 650
649 681
651 652
652 653
652 682
653 654
653 683
654 655
654 684
655 656
655 685
656 657
656 686
657 658
657 687
658 659
658 688
659 660
659 689
660 661
660 690
661 662
661 691
662 663
662 692
663 664
663 693
664 665
664 694
665 666
665 695
666 667
666 696
667 668
667 697
668 669
668 698
669 670
669 699
670 671
670 700
671 672
671 701
672 673
672 702
673 674
673 703
674 675
674 704
675 676
675 705
676 706
677 678
677 707
678 679
678 708
679 680
679 709
680 681
680 710
682 683
683 684
683 711
684 685
684 712
685 686
685 713
686 687
686 714
687 688
687 715
688 689
688 716
689 690
689 717
690 691
690 718
691 692
691 719
692 693
692 720
693 694
693 721
694 695
694 722
695 696
695 723
696 697
696 724
697 698
697 725
698 699
698 726
699 700
699 727
700 701
700 728
701 702
701 729
702 703
702 730
703 704
703 731
704 705
704 732
705 706
705 733
706 734
707 708
707 736
708 709
708 737
709 710
709 738
711 712
712 713
712 739
713 714
713 740
714 715
714 741
715 716
715 742
716 717
716 743
717 718
717 744
718 719
718 745
719 720
719 746
720 721
720 747
721 722
721 748
722 723
722 749
723 724
723 750
724 725
724 751
725 726
725 752
726 727
726 753
727 728
727 754
728 729
728 755
729 730
729 756
730 731
730 757
731 732
731 758
732 733
732 759
733 734
733 760
734 761
735 736
735 765
736 737
736 766
737 738
739 740
740 741
740 767
741 742
741 768
742 743
742 769
743 744
743 770
744 745
744 771
745 746
745 772
746 747
746 773
747 748
747 774
748 749
748 775
749 750
749 776
750 751
750 777
751 752
751 778
752 753
752 779
753 754
753 780
754 755
754 781
755 756
755 782
756 757
756 783
757 758
757 784
758 759
758 785
759 760
759 786
760 761
760 787
761 762
761 788
762 763
762 789
763 790
764 765
764 795
765 766
765 796
767 768
768 769
768 797
769 770
769 798
770 771
770 799
771 772
771 800
772 773
772 801
773 774
773 802
774 775
774 803
775 776
775 804
776 777
776 805
777 778
777 806
778 779
778 807
779 780
779 808
780 781
780 809
781 782
781 810
782 783
782 811
783 784
784 785
785 786
785 812
786 787
786 813
787 788
787 814
788 789
788 815
789 790
789 816
790 791
790 817
791 792
791 818
792 793
792 819
793 794
793 820
794 795
794 821
795 796
795 822
797 798
798 799
798 823
799 800
799 824
800 801
800 825
801 802
801 826
802 803
802 827
803 804
803 828
804 805
804 829
805 806
805 830
806 807
806 831
807 808
807 832
808 809
808 833
809 810
809 834
810 811
810 835
811 836
812 813
813 814
813 837
814 815
814 838
815 816
815 839
816 817
816 840
817 818
817 841
818 819
818 842
819 820
819 843
820 821
820 844
821 822
821 845
823 824
824 825
824 846
825 826
825 847
826 827
826 848
827 828
827 849
828 829
828 850
829 830
829 851
830 831
830 852
831 832
831 853
832 833
832 854
833 834
833 855
834 835
834 856
835 836
835 857
837 838
837 858
838 839
838 859
839 840
839 860
840 841
840 861
841 842
841 862
842 843
842 863
843 844
843 864
844 845
844 865
846 847
847 848
847 866
848 849
848 867
849 850
849 868
850 851
850 869
851 852
851 870
852 853
852 871
853 854
853 872
854 855
854 873
855 856
855 874
856 857
858 859
858 875
859 860
859 876
860 861
860 877
861 862
861 878
862 863
862 879
863 864
863 880
864 865
864 881
866 867
867 868
867 882
868 869
868 883
869 870
869 884
870 871
870 885
871 872
871 886
872 873
872 887
873 874
873 888
874 889
875 876
876 877
876 890
877 878
877 891
878 879
878 892
879 880
879 893
880 881
880 894
882 883
883 884
883 895
884 885
884 896
885 886
885 897
886 887
886 898
887 888
887 899
888 889
888 900
889 901
890 891
890 904
891 892
891 905
892 893
892 906
893 894
893 907
895 896
896 897
896 908
897 898
897 909
898 899
898 910
899 900
899 911
900 901
900 912
901 902
901 913
902 903
902 914
903 915
904 905
904 917
905 906
905 918
906 907
906 919
908 909
909 910
909 920
910 911
910 921
911 912
911 922
912 913
912 923
913 914
913 924
914 915
914 925
915 916
915 926
916 927
917 918
917 932
918 919
918 933
920 921
921 922
921 934
922 923
922 935
923 924
923 936
924 925
924 937
925 926
925 938
926 927
926 939
927 928
927 940
928 929
928 941
929 930
929 942
930 931
930 943
931 932
931 944
932 933
932 945
934 935
935 936
935 946
936 937
936 947
937 938
937 948
938 939
938 949
939 940
939 950
940 941
940 951
941 942
941 952
942 943
942 953
943 944
943 954
944 945
944 955
946 947
947 948
947 956
948 949
948 957
949 950
949 958
950 951
950 959
951 952
951 960
952 953
952 961
953 954
953 962
954 955
954 963
956 957
957 958
957 964
958 959
958 965
959 960
959 966
960 961
960 967
961 962
961 968
962 963
962 969
964 965
965 966
965 970
966 967
966 971
967 968
967 972
968 969
968 973
970 971
971 972
972 973
