864
1546
1 2
1 28
2 3
2 29
3 4
3 30
4 5
4 31
5 6
5 32
6 7
6 33
7 8
7 34
8 9
8 35
9 10
9 36
10 11
10 37
11 12
11 38
12 13
12 39
13 40
14 15
14 41
15 16
15 42
16 17
17 18
18 19
19 20
20 21
20 43
21 22
22 23
22 44
23 24
23 45
24 25
24 46
25 26
25 47
26 27
26 48
28 29
28 49
29 30
29 50
30 31
30 51
31 32
31 52
32 33
32 53
33 34
33 54
34 35
34 55
35 36
35 56
36 37
36 57
37 38
37 58
38 39
38 59
39 40
39 60
40 61
41 42
41 62
44 45
45 46
45 63
46 47
46 64
47 48
47 65
48 66
49 50
49 72
50 51
50 73
51 52
51 74
52 53
52 75
53 54
53 76
54 55
54 77
55 56
55 78
56 57
56 79
57 58
57 80
58 59
58 81
59 60
59 82
60 61
60 83
61 84
62 85
63 64
63 86
64 65
64 87
65 66
65 88
66 89
67 68
67 96
68 69
68 97
69 70
69 98
70 71
70 99
71 100
72 73
72 102
73 74
73 103
74 75
74 104
75 76
75 105
76 77
76 106
77 78
77 107
78 79
78 108
79 80
79 109
80 81
80 110
81 82
81 111
82 83
82 112
83 84
83 113
84 114
86 87
86 117
87 88
87 118
88 89
88 119
89 90
89 120
90 91
90 121
91 92
91 122
92 93
92 123
93 94
93 124
94 95
94 125
95 126
96 97
96 127
97 98
97 128
98 99
98 129
99 100
99 130
100 101
100 131
101 102
101 132
102 103
102 133
103 104
103 134
104 105
104 135
105 106
105 136
106 107
106 137
107 108
107 138
108 109
108 139
109 110
109 140
110 111
110 141
111 112
111 142
112 113
112 143
113 114
113 144
114 145
115 116
115 146
116 117
116 147
117 118
117 148
118 119
118 149
119 120
119 150
120 121
120 151
121 122
121 152
122 123
122 153
123 124
123 154
124 125
124 155
125 126
125 156
126 157
127 128
127 160
128 129
128 161
129 130
129 162
130 131
130 163
131 132
131 164
132 133
132 165
133 134
133 166
134 135
134 167
135 136
135 168
136 137
136 169
137 138
137 170
138 139
138 171
139 140
139 172
140 141
140 173
141 142
141 174
142 143
142 175
143 144
143 176
144 145
144 177
145 178
146 147
146 181
147 148
147 182
148 149
148 183
149 150
149 184
150 151
150 185
151 152
151 186
152 153
152 187
153 154
153 188
154 155
154 189
155 156
155 190
156 157
156 191
157 192
158 159
159 160
160 161
160 193
161 162
161 194
162 163
162 195
163 164
163 196
164 165
164 197
165 166
165 198
166 167
166 199
167 168
167 200
168 169
168 201
169 170
169 202
170 171
170 203
171 172
171 204
172 173
172 205
173 174
173 206
174 175
174 207
175 176
175 208
176 177
176 209
177 178
177 210
178 211
179 213
180 181
180 218
181 182
181 219
182 183
182 220
183 184
183 221
184 185
184 222
185 186
185 223
186 187
186 224
187 188
187 225
188 189
188 226
189 190
189 227
190 191
190 228
191 192
191 229
192 230
193 194
193 232
194 195
194 233
195 196
195 234
196 197
196 235
197 198
197 236
198 199
198 237
199 200
199 238
200 201
200 239
201 202
201 240
202 203
202 241
203 204
203 242
204 205
204 243
205 206
205 244
206 207
206 245
207 208
207 246
208 209
208 247
209 210
209 248
210 211
210 249
211 250
212 213
212 252
213 214
213 253
214 215
214 254
215 216
215 255
216 217
216 256
217 218
217 257
218 219
218 258
219 220
219 259
220 221
220 260
221 222
221 261
222 223
222 262
223 224
223 263
224 225
224 264
225 226
225 265
226 227
226 266
227 228
227 267
228 229
228 268
229 230
229 269
230 231
230 270
231 271
232 233
232 272
233 234
233 273
234 235
234 274
235 236
235 275
236 237
236 276
237 238
237 277
238 239
238 278
239 240
239 279
240 241
240 280
241 242
241 281
242 243
242 282
243 244
243 283
244 245
244 284
245 246
245 285
246 247
246 286
247 248
247 287
248 249
248 288
249 250
249 289
250 290
251 252
251 293
252 253
252 294
253 254
253 295
254 255
254 296
255 256
255 297
256 257
256 298
257 258
257 299
258 259
258 300
259 260
259 301
260 261
260 302
261 262
261 303
262 263
262 304
263 264
263 305
264 265
264 306
265 266
265 307
266 267
266 308
267 268
267 309
268 269
268 310
269 270
269 311
270 271
270 312
272 273
272 315
273 274
273 316
274 275
274 317
275 276
275 318
276 277
276 319
277 278
277 320
278 279
278 321
279 280
279 322
280 281
280 323
281 282
281 324
282 283
282 325
283 284
283 326
284 285
284 327
285 286
285 328
286 287
286 329
287 288
287 330
288 289
288 331
289 290
289 332
290 291
290 333
291 292
291 334
292 293
292 335
293 294
293 336
294 295
294 337
295 296
295 338
296 297
296 339
297 298
297 340
298 299
298 341
299 300
299 342
300 301
300 343
301 302
301 344
302 303
302 345
303 304
303 346
304 305
304 347
305 306
305 348
306 307
306 349
307 308
307 350
308 309
308 351
309 310
309 352
310 311
310 353
311 312
311 354
312 355
313 314
313 356
314 315
314 357
315 316
315 358
316 317
316 359
317 318
317 360
318 319
318 361
319 320
319 362
320 321
320 363
321 322
321 364
322 323
322 365
323 324
323 366
324 325
324 367
325 326
325 368
326 327
326 369
327 328
327 370
328 329
328 371
329 330
329 372
330 331
330 373
331 332
331 374
332 333
332 375
333 334
333 376
334 335
334 377
335 336
335 378
336 337
336 379
337 338
337 380
338 339
338 381
339 340
339 382
340 341
340 383
341 342
341 384
342 343
342 385
343 344
343 386
344 345
344 387
345 346
345 388
346 347
346 389
347 348
347 390
348 349
348 391
349 350
349 392
350 351
351 352
352 353
353 354
354 355
356 357
356 393
357 358
357 394
358 359
358 395
359 360
359 396
360 361
360 397
361 362
361 398
362 363
362 399
363 364
363 400
364 365
364 401
365 366
365 402
366 367
366 403
367 368
367 404
368 369
368 405
369 370
369 406
370 371
370 407
371 372
371 408
372 373
372 409
373 374
373 410
374 375
374 411
375 376
375 412
376 377
376 413
377 378
378 379
379 380
380 381
380 414
381 382
381 415
382 383
382 416
383 384
383 417
384 385
384 418
385 386
385 419
386 387
386 420
387 388
387 421
388 389
388 422
389 390
389 423
390 391
390 424
391 392
391 425
392 426
393 394
394 395
395 396
396 397
397 398
398 399
399 400
400 401
401 402
402 403
403 404
404 405
405 406
406 407
407 408
408 409
409 410
409 427
410 411
410 428
411 412
411 429
412 413
412 430
413 431
414 415
414 432
415 416
415 433
416 417
416 434
417 418
417 435
418 419
418 436
419 420
419 437
420 421
420 438
421 422
421 439
422 423
422 440
423 424
423 441
424 425
424 442
425 426
425 443
426 444
427 428
427 445
428 429
428 446
429 430
429 447
430 431
430 448
431 449
432 433
433 434
434 435
434 450
435 436
435 451
436 437
436 452
437 438
437 453
438 439
438 454
439 440
439 455
440 441
440 456
441 442
441 457
442 443
442 458
443 444
443 459
444 460
445 446
445 461
446 447
446 462
447 448
447 463
448 449
448 464
449 465
450 451
450 466
451 452
451 467
452 453
452 468
453 454
453 469
454 455
454 470
455 456
455 471
456 457
456 472
457 458
457 473
458 459
458 474
459 460
459 475
460 476
461 462
461 477
462 463
462 478
463 464
463 479
464 465
464 480
465 481
466 467
466 482
467 468
467 483
468 469
468 484
469 470
469 485
470 471
470 486
471 472
471 487
472 473
472 488
473 474
473 489
474 475
474 490
475 476
475 491
476 492
477 478
477 498
478 479
478 499
479 480
479 500
480 481
480 501
481 502
482 483
482 503
483 484
483 504
484 485
484 505
485 486
485 506
486 487
486 507
487 488
487 508
488 489
488 509
489 490
489 510
490 491
490 511
491 492
491 512
492 493
492 513
493 494
493 514
494 495
494 515
495 496
495 516
496 497
496 517
498 499
498 518
499 500
499 519
500 501
500 520
501 502
501 521
502 522
503 504
503 523
504 505
504 524
505 506
505 525
506 507
506 526
507 508
507 527
508 509
508 528
509 510
509 529
510 511
510 530
511 512
511 531
512 513
512 532
513 514
513 533
514 515
514 534
515 516
515 535
516 517
516 536
517 537
518 519
518 538
519 520
519 539
520 521
520 540
521 522
521 541
522 542
523 524
523 543
524 525
524 544
525 526
525 545
526 527
526 546
527 528
527 547
528 529
528 548
529 530
529 549
530 531
530 550
531 532
531 551
532 533
532 552
533 534
533 553
534 535
534 554
535 536
535 555
536 537
536 556
537 557
538 539
538 560
539 540
539 561
540 541
540 562
541 542
541 563
542 564
543 544
543 565
544 545
544 566
545 546
545 567
546 547
546 568
547 548
547 569
548 549
548 570
549 550
549 571
550 551
550 572
551 552
551 573
552 553
552 574
553 554
553 575
554 555
554 576
555 556
555 577
556 557
557 558
558 559
559 578
560 561
560 579
561 562
561 580
562 563
562 581
563 564
563 582
564 583
565 566
565 584
566 567
566 585
567 568
567 586
568 569
568 587
569 570
569 588
570 571
570 589
571 572
571 590
572 573
572 591
573 574
573 592
574 575
574 593
575 576
575 594
576 577
576 595
577 596
578 597
579 580
579 600
580 581
580 601
581 582
581 602
582 583
582 603
583 604
584 585
584 607
585 586
585 608
586 587
586 609
587 588
587 610
588 589
588 611
589 590
589 612
590 591
590 613
591 592
591 614
592 593
592 615
593 594
593 616
594 595
594 617
595 596
595 618
597 598
597 619
598 599
598 620
599 621
600 601
600 622
601 602
601 623
602 603
602 624
603 604
603 625
604 626
605 606
605 627
606 607
606 628
607 608
607 629
608 609
608 630
609 610
609 631
610 611
610 632
611 612
611 633
612 613
612 634
613 614
613 635
614 615
614 636
615 616
615 637
616 617
616 638
617 618
617 639
619 620
620 621
620 640
621 641
622 623
622 647
623 624
623 648
624 625
624 649
625 626
625 650
626 651
627 628
627 652
628 629
628 653
629 630
629 654
630 631
630 655
631 632
631 656
632 633
632 657
633 634
633 658
634 635
634 659
635 636
635 660
636 637
636 661
637 638
637 662
638 639
638 663
639 664
640 641
641 665
642 643
642 667
643 644
644 645
645 668
646 647
646 671
647 648
647 672
648 649
648 673
649 650
649 674
650 651
650 675
651 676
652 653
652 677
653 654
653 678
654 655
654 679
655 656
655 680
656 657
656 681
657 658
657 682
658 659
658 683
659 660
659 684
660 661
660 685
661 662
661 686
662 663
662 687
663 664
663 688
664 689
665 691
666 667
666 692
667 693
668 669
668 694
669 670
669 695
670 671
670 696
671 672
671 697
672 673
672 698
673 674
673 699
674 675
674 700
675 676
675 701
676 702
677 678
677 703
678 679
678 704
679 680
679 705
680 681
680 706
681 682
681 707
682 683
682 708
683 684
683 709
684 685
684 710
685 686
685 711
686 687
686 712
687 688
687 713
688 689
688 714
689 715
690 691
690 716
691 717
692 693
694 695
694 718
695 696
695 719
696 697
696 720
697 698
697 721
698 699
698 722
699 700
699 723
700 701
700 724
701 702
701 725
702 726
703 704
703 727
704 705
704 728
705 706
705 729
706 707
706 730
707 708
707 731
708 709
709 710
710 711
711 712
711 732
712 713
712 733
713 714
713 734
714 715
714 735
715 736
716 717
716 738
717 739
718 719
718 742
719 720
720 721
721 722
722 723
722 743
723 724
723 744
724 725
724 745
725 726
725 746
726 747
727 728
727 748
728 729
728 749
729 730
729 750
730 731
730 751
731 752
732 733
732 753
733 734
733 754
734 735
734 755
735 736
735 756
736 737
736 757
737 758
738 739
738 761
739 762
740 741
741 742
743 744
743 763
744 745
744 764
745 746
745 765
746 747
746 766
747 767
748 749
748 768
749 750
749 769
750 751
750 770
751 752
751 771
752 772
753 754
753 773
754 755
754 774
755 756
755 775
756 757
756 776
757 758
757 777
758 778
759 760
759 782
760 761
760 783
761 762
761 784
762 785
763 764
764 765
765 766
766 767
766 786
767 787
768 769
768 788
769 770
769 789
770 771
770 790
771 772
771 791
772 792
773 774
773 793
774 775
774 794
775 776
775 795
776 777
776 796
777 778
777 797
778 779
779 780
780 781
781 782
781 798
782 783
782 799
783 784
783 800
784 785
784 801
785 802
786 787
786 803
787 804
788 789
788 805
789 790
789 806
790 791
790 807
791 792
791 808
792 809
793 794
793 810
794 795
794 811
795 796
795 812
796 797
796 813
797 814
798 799
798 815
799 800
799 816
800 801
800 817
801 802
801 818
802 819
803 804
803 820
804 821
805 806
805 822
806 807
806 823
807 808
807 824
808 809
808 825
809 826
810 811
810 827
811 812
811 828
812 813
812 829
813 814
813 830
814 831
815 816
815 832
816 817
816 833
817 818
817 834
818 819
818 835
819 836
820 821
820 838
821 839
822 823
822 840
823 824
823 841
824 825
824 842
825 826
825 843
826 844
827 828
827 845
828 829
828 846
829 830
829 847
830 831
830 848
831 849
832 833
833 834
834 835
835 836
837 838
838 839
840 841
841 842
842 843
843 844
845 846
845 850
846 847
846 851
847 848
847 852
848 849
848 853
849 854
850 851
850 855
851 852
851 856
852 853
852 857
853 854
853 858
854 859
855 856
855 860
856 857
856 861
857 858
857 862
858 859
858 863
859 864
860 861
861 862
862 863
863 864
