1039
1928
1 16
2 3
2 18
3 4
3 19
4 5
4 20
5 6
5 21
6 7
6 22
7 8
7 23
8 9
8 24
9 10
9 25
10 11
10 26
11 12
11 27
12 13
12 28
13 14
13 29
14 30
15 16
15 31
16 32
17 18
17 39
18 19
18 40
19 20
19 41
20 21
20 42
21 22
21 43
22 23
22 44
23 24
23 45
24 25
24 46
25 26
25 47
26 27
26 48
27 28
27 49
28 29
28 50
29 30
29 51
30 52
31 32
31 54
32 33
32 55
33 34
33 56
34 35
34 57
35 36
35 58
36 37
36 59
37 38
37 60
38 39
38 61
39 40
39 62
40 41
40 63
41 42
41 64
42 43
42 65
43 44
43 66
44 45
44 67
45 46
45 68
46 47
46 69
47 48
47 70
48 49
48 71
49 50
49 72
50 51
50 73
51 52
51 74
52 53
52 75
53 76
54 55
54 77
55 56
55 78
56 57
56 79
57 58
57 80
58 59
58 81
59 60
59 82
60 61
60 83
61 62
61 84
62 63
62 85
63 64
63 86
64 65
64 87
65 66
65 88
66 67
66 89
67 68
67 90
68 69
68 91
69 70
69 92
70 71
70 93
71 72
71 94
72 73
72 95
73 74
73 96
74 75
74 97
75 76
75 98
76 99
77 78
77 100
78 79
78 101
79 80
79 102
80 81
80 103
81 82
81 104
82 83
82 105
83 84
83 106
84 85
84 107
85 86
85 108
86 87
86 109
87 88
87 110
88 89
88 111
89 90
89 112
90 91
90 113
91 92
91 114
92 93
92 115
93 94
93 116
94 95
94 117
95 96
95 118
96 97
96 119
97 98
97 120
98 99
98 121
99 122
100 101
100 125
101 102
101 126
102 103
102 127
103 104
103 128
104 105
104 129
105 106
105 130
106 107
106 131
107 108
107 132
108 109
108 133
109 110
109 134
110 111
110 135
111 112
111 136
112 113
112 137
113 114
113 138
114 115
114 139
115 116
115 140
116 117
116 141
117 118
117 142
118 119
118 143
119 120
119 144
120 121
120 145
121 122
121 146
122 147
123 124
123 148
124 125
124 149
125 126
125 150
126 127
126 151
127 128
127 152
128 129
128 153
129 130
129 154
130 131
130 155
131 132
131 156
132 133
132 157
133 134
133 158
134 135
134 159
135 136
135 160
136 137
136 161
137 138
137 162
138 139
138 163
139 140
139 164
140 141
140 165
141 142
141 166
142 143
142 167
143 144
143 168
144 145
144 169
145 146
145 170
146 147
146 171
147 172
148 149
148 176
149 150
149 177
150 151
150 178
151 152
151 179
152 153
152 180
153 154
153 181
154 155
154 182
155 156
155 183
156 157
156 184
157 158
157 185
158 159
158 186
159 160
159 187
160 161
160 188
161 162
161 189
162 163
162 190
163 164
163 191
164 165
164 192
165 166
165 193
166 167
166 194
167 168
167 195
168 169
168 196
169 170
169 197
170 171
170 198
171 172
171 199
172 173
172 200
173 174
173 201
174 175
174 202
175 203
176 177
176 204
177 178
177 205
178 179
178 206
179 180
179 207
180 181
180 208
181 182
181 209
182 183
182 210
183 184
183 211
184 185
184 212
185 186
185 213
186 187
186 214
187 188
187 215
188 189
188 216
189 190
189 217
190 191
190 218
191 192
191 219
192 193
192 220
193 194
193 221
194 195
194 222
195 196
195 223
196 197
196 224
197 198
197 225
198 199
198 226
199 200
199 227
200 201
200 228
201 202
201 229
202 203
202 230
203 231
204 205
204 232
205 206
205 233
206 207
206 234
207 208
207 235
208 209
208 236
209 210
209 237
210 211
210 238
211 212
211 239
212 213
212 240
213 214
213 241
214 215
214 242
215 216
215 243
216 217
216 244
217 218
217 245
218 219
218 246
219 220
219 247
220 221
220 248
221 222
221 249
222 223
222 250
223 224
223 251
224 225
224 252
225 226
225 253
226 227
226 254
227 228
227 255
228 229
228 256
229 230
229 257
230 231
230 258
231 259
232 233
232 260
233 234
233 261
234 235
234 262
235 236
235 263
236 237
236 264
237 238
237 265
238 239
238 266
239 240
239 267
240 241
240 268
241 242
241 269
242 243
242 270
243 244
243 271
244 245
244 272
245 246
245 273
246 247
246 274
247 248
247 275
248 249
248 276
249 250
249 277
250 251
250 278
251 252
251 279
252 253
252 280
253 254
253 281
254 255
254 282
255 256
255 283
256 257
256 284
257 258
257 285
258 259
258 286
259 287
260 261
260 288
261 262
261 289
262 263
262 290
263 264
263 291
264 265
264 292
265 266
265 293
266 267
266 294
267 268
267 295
268 269
268 296
269 270
269 297
270 271
270 298
271 272
271 299
272 273
272 300
273 274
273 301
274 275
274 302
275 276
275 303
276 277
276 304
277 278
277 305
278 279
278 306
279 280
279 307
280 281
280 308
281 282
281 309
282 283
282 310
283 284
283 311
284 285
284 312
285 286
285 313
286 287
286 314
287 315
288 289
288 316
289 290
289 317
290 291
290 318
291 292
291 319
292 293
292 320
293 294
293 321
294 295
294 322
295 296
295 323
296 297
296 324
297 298
297 325
298 299
298 326
299 300
299 327
300 301
300 328
301 302
301 329
302 303
302 330
303 304
303 331
304 305
304 332
305 306
305 333
306 307
306 334
307 308
307 335
308 309
308 336
309 310
309 337
310 311
310 338
311 312
311 339
312 313
312 340
313 314
313 341
314 315
314 342
315 343
316 317
317 318
317 344
318 319
318 345
319 320
319 346
320 321
320 347
321 322
321 348
322 323
322 349
323 324
323 350
324 325
324 351
325 326
325 352
326 327
326 353
327 328
327 354
328 329
328 355
329 330
329 356
330 331
330 357
331 332
331 358
332 333
332 359
333 334
333 360
334 335
334 361
335 336
335 362
336 337
336 363
337 338
337 364
338 339
338 365
339 340
339 366
340 341
340 367
341 342
341 368
342 343
342 369
344 345
344 370
345 346
345 371
346 347
346 372
347 348
347 373
348 349
348 374
349 350
349 375
350 351
350 376
351 352
351 377
352 353
352 378
353 354
353 379
354 355
354 380
355 356
355 381
356 357
356 382
357 358
357 383
358 359
358 384
359 360
359 385
360 361
360 386
361 362
361 387
362 363
362 388
363 364
363 389
364 365
364 390
365 366
365 391
366 367
366 392
367 368
367 393
368 369
368 394
370 371
371 372
371 395
372 373
372 396
373 374
373 397
374 375
374 398
375 376
375 399
376 377
376 400
377 378
377 401
378 379
378 402
379 380
379 403
380 381
380 404
381 382
381 405
382 383
382 406
383 384
383 407
384 385
384 408
385 386
385 409
386 387
386 410
387 388
387 411
388 389
388 412
389 390
389 413
390 391
390 414
391 392
391 415
392 393
392 416
393 394
393 417
394 418
395 396
395 419
396 397
396 420
397 398
397 421
398 399
398 422
399 400
399 423
400 401
400 424
401 402
401 425
402 403
402 426
403 404
403 427
404 405
404 428
405 406
405 429
406 407
406 430
407 408
407 431
408 409
408 432
409 410
409 433
410 411
410 434
411 412
411 435
412 413
412 436
413 414
413 437
414 415
414 438
415 416
415 439
416 417
416 440
417 418
417 441
418 442
419 420
420 421
421 422
422 423
423 424
423 444
424 425
424 445
425 426
425 446
426 427
426 447
427 428
427 448
428 429
428 449
429 430
429 450
430 431
430 451
431 432
431 452
432 433
432 453
433 434
433 454
434 435
434 455
435 436
435 456
436 437
436 457
437 438
437 458
438 439
438 459
439 440
439 460
440 441
440 461
441 442
441 462
442 443
442 463
443 464
444 445
445 446
446 447
446 466
447 448
447 467
448 449
448 468
449 450
449 469
450 451
450 470
451 452
451 471
452 453
452 472
453 454
453 473
454 455
454 474
455 456
455 475
456 457
456 476
457 458
457 477
458 459
458 478
459 460
459 479
460 461
460 480
461 462
461 481
462 463
462 482
463 464
464 465
466 467
467 468
468 469
469 470
470 471
471 472
472 473
473 474
474 475
474 483
475 476
475 484
476 477
476 485
477 478
477 486
478 479
479 480
480 481
481 482
483 484
483 487
484 485
484 488
485 486
485 489
486 490
487 488
487 491
488 489
488 492
489 490
489 493
490 494
491 492
491 495
492 493
492 496
493 494
493 497
494 498
495 496
495 501
496 497
496 502
497 498
497 503
498 504
499 500
499 509
500 501
500 510
501 502
501 511
502 503
502 512
503 504
503 513
504 505
504 514
505 506
505 515
506 507
506 516
507 508
507 517
508 518
509 510
509 530
510 511
510 531
511 512
511 532
512 513
512 533
513 514
513 534
514 515
514 535
515 516
515 536
516 517
516 537
517 518
517 538
518 539
519 520
519 541
520 521
520 542
521 522
521 543
522 523
522 544
523 524
523 545
524 525
524 546
525 526
525 547
526 527
526 548
527 528
527 549
528 529
528 550
529 530
529 551
530 531
530 552
531 532
531 553
532 533
532 554
533 534
533 555
534 535
534 556
535 536
535 557
536 537
536 558
537 538
537 559
538 539
538 560
539 540
539 561
540 562
541 542
541 566
542 543
542 567
543 544
543 568
544 545
544 569
545 546
545 570
546 547
546 571
547 548
547 572
548 549
548 573
549 550
549 574
550 551
550 575
551 552
551 576
552 553
552 577
553 554
553 578
554 555
554 579
555 556
555 580
556 557
556 581
557 558
557 582
558 559
558 583
559 560
559 584
560 561
560 585
561 562
561 586
562 563
562 587
563 564
563 588
564 565
564 589
565 590
566 567
566 591
567 568
567 592
568 569
568 593
569 570
569 594
570 571
570 595
571 572
571 596
572 573
572 597
573 574
573 598
574 575
574 599
575 576
575 600
576 577
576 601
577 578
577 602
578 579
578 603
579 580
579 604
580 581
580 605
581 582
581 606
582 583
582 607
583 584
583 608
584 585
584 609
585 586
585 610
586 587
586 611
587 588
587 612
588 589
588 613
589 590
589 614
590 615
591 592
591 617
592 593
592 618
593 594
593 619
594 595
594 620
595 596
595 621
596 597
596 622
597 598
597 623
598 599
598 624
599 600
599 625
600 601
600 626
601 602
601 627
602 603
602 628
603 604
603 629
604 605
604 630
605 606
605 631
606 607
606 632
607 608
607 633
608 609
608 634
609 610
609 635
610 611
610 636
611 612
611 637
612 613
612 638
613 614
613 639
614 615
614 640
615 641
616 617
616 642
617 618
617 643
618 619
618 644
619 620
619 645
620 621
620 646
621 622
621 647
622 623
622 648
623 624
623 649
624 625
624 650
625 626
625 651
626 627
626 652
627 628
627 653
628 629
628 654
629 630
629 655
630 631
630 656
631 632
631 657
632 633
632 658
633 634
633 659
634 635
634 660
635 636
635 661
636 637
636 662
637 638
637 663
638 639
638 664
639 640
639 665
640 641
640 666
641 667
642 643
642 671
643 644
643 672
644 645
644 673
645 646
645 674
646 647
646 675
647 648
647 676
648 649
648 677
649 650
649 678
650 651
650 679
651 652
651 680
652 653
652 681
653 654
653 682
654 655
654 683
655 656
655 684
656 657
656 685
657 658
657 686
658 659
658 687
659 660
659 688
660 661
660 689
661 662
661 690
662 663
662 691
663 664
663 692
664 665
664 693
665 666
665 694
666 667
666 695
667 696
668 669
668 709
669 670
669 710
670 671
670 711
671 672
671 712
672 673
672 713
673 674
673 714
674 675
674 715
675 676
675 716
676 677
676 717
677 678
677 718
678 679
678 719
679 680
679 720
680 681
680 721
681 682
681 722
682 683
682 723
683 684
683 724
684 685
684 725
685 686
685 726
686 687
686 727
687 688
687 728
688 689
688 729
689 690
689 730
690 691
690 731
691 692
691 732
692 693
692 733
693 694
693 734
694 695
694 735
695 696
695 736
696 697
696 737
697 738
698 699
698 741
699 700
699 742
700 701
700 743
701 702
701 744
702 703
702 745
703 704
703 746
704 705
704 747
705 706
705 748
706 707
706 749
707 708
707 750
709 710
709 751
710 711
710 752
711 712
711 753
712 713
712 754
713 714
713 755
714 715
714 756
715 716
715 757
716 717
716 758
717 718
717 759
718 719
718 760
719 720
719 761
720 721
720 762
721 722
721 763
722 723
722 764
723 724
723 765
724 725
724 766
725 726
725 767
726 727
726 768
727 728
727 769
728 729
728 770
729 730
729 771
730 731
730 772
731 732
731 773
732 733
732 774
733 734
733 775
734 735
734 776
735 736
735 777
736 737
736 778
737 738
737 779
738 739
738 780
739 740
739 781
740 741
740 782
741 742
741 783
742 743
742 784
743 744
743 785
744 745
744 786
745 746
745 787
746 747
746 788
747 748
747 789
748 749
748 790
749 750
749 791
750 792
751 752
751 794
752 753
752 795
753 754
753 796
754 755
754 797
755 756
755 798
756 757
756 799
757 758
757 800
758 759
758 801
759 760
759 802
760 761
760 803
761 762
761 804
762 763
762 805
763 764
763 806
764 765
764 807
765 766
765 808
766 767
766 809
767 768
767 810
768 769
769 770
769 811
770 771
770 812
771 772
771 813
772 773
772 814
773 774
773 815
774 775
774 816
775 776
775 817
776 777
776 818
777 778
777 819
778 779
778 820
779 780
779 821
780 781
780 822
781 782
782 783
783 784
783 823
784 785
784 824
785 786
785 825
786 787
786 826
787 788
787 827
788 789
788 828
789 790
789 829
790 791
790 830
791 792
791 831
792 793
792 832
793 833
794 795
795 796
795 834
796 797
796 835
797 798
797 836
798 799
798 837
799 800
799 838
800 801
800 839
801 802
801 840
802 803
802 841
803 804
803 842
804 805
804 843
805 806
805 844
806 807
806 845
807 808
807 846
808 809
808 847
809 810
809 848
811 812
812 813
812 849
813 814
813 850
814 815
814 851
815 816
815 852
816 817
816 853
817 818
817 854
818 819
818 855
819 820
819 856
820 821
820 857
821 822
821 858
823 824
824 825
824 859
825 826
825 860
826 827
826 861
827 828
827 862
828 829
828 863
829 830
829 864
830 831
830 865
831 832
831 866
832 833
832 867
833 868
834 835
834 869
835 836
835 870
836 837
836 871
837 838
837 872
838 839
838 873
839 840
839 874
840 841
840 875
841 842
841 876
842 843
842 877
843 844
843 878
844 845
844 879
845 846
845 880
846 847
846 881
847 848
847 882
848 883
849 850
849 884
850 851
850 885
851 852
851 886
852 853
852 887
853 854
854 855
855 856
856 857
856 888
857 858
857 889
858 890
859 860
859 891
860 861
860 892
861 862
861 893
862 863
862 894
863 864
863 895
864 865
864 896
865 866
865 897
866 867
866 898
867 868
867 899
868 900
869 870
869 901
870 871
870 902
871 872
871 903
872 873
872 904
873 874
873 905
874 875
874 906
875 876
875 907
876 877
876 908
877 878
877 909
878 879
878 910
879 880
879 911
880 881
880 912
881 882
881 913
882 883
882 914
883 915
884 885
885 886
885 916
886 887
886 917
887 918
888 889
888 919
889 890
889 920
890 921
891 892
891 922
892 893
892 923
893 894
893 924
894 895
894 925
895 896
895 926
896 897
896 927
897 898
897 928
898 899
898 929
899 900
899 930
900 931
901 902
901 932
902 903
902 933
903 904
903 934
904 905
904 935
905 906
905 936
906 907
906 937
907 908
907 938
908 909
908 939
909 910
909 940
910 911
910 941
911 912
911 942
912 913
912 943
913 914
913 944
914 915
914 945
915 946
916 917
916 947
917 918
917 948
918 949
919 920
919 952
920 921
922 923
923 924
924 925
924 953
925 926
925 954
926 927
926 955
927 928
927 956
928 929
928 957
929 930
929 958
930 931
930 959
931 960
932 933
932 962
933 934
933 963
934 935
934 964
935 936
935 965
936 937
936 966
937 938
937 967
938 939
938 968
939 940
939 969
940 941
940 970
941 942
941 971
942 943
942 972
943 944
943 973
944 945
944 974
945 946
945 975
946 976
947 948
947 977
948 949
948 978
949 950
949 979
950 980
951 952
951 982
952 983
953 954
953 984
954 955
954 985
955 956
955 986
956 957
956 987
957 958
957 988
958 959
959 960
960 961
960 989
961 990
962 963
963 964
964 965
965 966
966 967
967 968
967 992
968 969
968 993
969 970
969 994
970 971
970 995
971 972
971 996
972 973
972 997
973 974
973 998
974 975
974 999
975 976
975 1000
976 1001
977 978
977 1003
978 979
978 1004
979 980
979 1005
980 981
980 1006
981 982
982 983
982 1007
983 1008
984 985
984 1009
985 986
985 1010
986 987
986 1011
987 988
987 1012
989 990
990 991
992 993
993 994
994 995
995 996
996 997
997 998
998 999
998 1013
999 1000
999 1014
1000 1001
1000 1015
1001 1016
1002 1003
1002 1017
1003 1004
1003 1018
1004 1005
1004 1019
1005 1006
1005 1020
1007 1008
1008 1021
1009 1010
1009 1022
1010 1011
1010 1023
1011 1012
1011 1024
1012 1025
1013 1014
1013 1026
1014 1015
1014 1027
1015 1016
1015 1028
1016 1029
1017 1018
1017 1033
1018 1019
1018 1034
1019 1020
1021 1035
1022 1023
1022 1036
1023 1024
1023 1037
1024 1025
1024 1038
1025 1039
1026 1027
1027 1028
1028 1029
1029 1030
1030 1031
1031 1032
1032 1033
1033 1034
1036 1037
1037 1038
1038 1039
