40
START:
1 462
2 732
3 680
4 780
5 372
6 230
7 893
8 837
9 522
10 719
11 624
12 430
13 762
14 341
15 807
16 839
17 471
18 601
19 456
20 939
21 260
22 884
23 390
24 919
25 835
26 575
27 516
28 626
29 828
30 26
31 367
32 674
33 944
34 132
35 657
36 965
37 298
38 218
39 162
40 983
GOAL:
1 455
2 655
3 622
4 817
5 370
6 230
7 780
8 754
9 543
10 840
11 762
12 357
13 841
14 415
15 883
16 709
17 411
18 631
19 332
20 970
21 177
22 634
23 307
24 1008
25 905
26 531
27 517
28 679
29 831
30 48
31 168
32 803
33 875
34 106
35 604
36 993
37 400
38 110
39 136
40 1021
