# Generated by ./mkcpf, by jpms@acm.org, with command line:
# ./mkcpf --src lt_gamlenshouse_n.map --agents 100 -graph ex20-graph.txt -scen ex20-scen.txt
100
START:
1 122
2 783
3 178
4 800
5 627
6 660
7 912
8 151
9 754
10 994
11 306
12 498
13 671
14 235
15 291
16 710
17 930
18 736
19 779
20 425
21 438
22 317
23 854
24 136
25 602
26 967
27 758
28 171
29 221
30 292
31 937
32 281
33 901
34 109
35 44
36 1002
37 47
38 330
39 302
40 981
41 722
42 871
43 209
44 1025
45 144
46 805
47 373
48 809
49 891
50 426
51 906
52 268
53 771
54 1008
55 406
56 525
57 101
58 916
59 596
60 569
61 351
62 534
63 311
64 721
65 472
66 201
67 277
68 892
69 265
70 244
71 84
72 894
73 1012
74 821
75 652
76 202
77 1014
78 812
79 2
80 924
81 827
82 796
83 690
84 711
85 160
86 1018
87 504
88 286
89 484
90 594
91 140
92 579
93 683
94 810
95 242
96 610
97 700
98 328
99 13
100 979
GOAL:
1 178
2 779
3 100
4 902
5 598
6 813
7 716
8 381
9 901
10 768
11 459
12 364
13 753
14 267
15 405
16 796
17 865
18 589
19 731
20 85
21 465
22 112
23 555
24 397
25 578
26 973
27 879
28 166
29 279
30 263
31 933
32 440
33 795
34 129
35 83
36 945
37 26
38 155
39 383
40 1002
41 529
42 876
43 430
44 1010
45 313
46 766
47 107
48 765
49 699
50 217
51 754
52 407
53 641
54 917
55 495
56 677
57 429
58 1035
59 566
60 620
61 454
62 619
63 136
64 938
65 141
66 436
67 316
68 926
69 348
70 387
71 99
72 925
73 953
74 557
75 836
76 145
77 998
78 627
79 62
80 986
81 927
82 1027
83 771
84 547
85 270
86 919
87 553
88 416
89 358
90 878
91 28
92 729
93 685
94 560
95 403
96 607
97 705
98 66
99 51
100 728
